10
10
query 0
779 -0.892813
468 -0.864014
443 -0.806147
747 -0.732642
242 -0.707320
868 -0.707292
891 -0.692331
258 -0.684419
454 -0.681147
210 -0.679808
query 1
80 -0.943371
474 -0.937625
190 -0.937054
485 -0.931986
59 -0.928997
259 -0.928778
79 -0.925720
935 -0.925199
253 -0.924968
186 -0.922864
query 2
481 -0.933457
363 -0.929365
277 -0.926854
437 -0.922709
740 -0.917234
508 -0.916600
647 -0.908111
377 -0.906112
420 -0.905241
706 -0.903076
query 3
864 -0.966360
433 -0.948053
121 -0.941538
658 -0.939174
465 -0.935901
682 -0.935816
164 -0.934342
852 -0.932793
186 -0.929510
63 -0.925114
query 4
543 -0.917215
81 -0.872107
479 -0.836502
343 -0.834743
882 -0.829311
634 -0.820601
213 -0.819891
801 -0.818749
507 -0.818065
441 -0.812146
query 5
414 -0.898223
684 -0.896704
646 -0.887507
349 -0.883373
937 -0.882141
970 -0.875532
777 -0.875104
238 -0.868913
181 -0.866327
130 -0.862287
query 6
485 -0.942250
140 -0.934586
667 -0.934345
923 -0.932896
182 -0.932446
360 -0.931632
156 -0.928815
202 -0.924908
937 -0.924075
376 -0.923740
query 7
80 -0.943371
474 -0.937625
190 -0.937054
485 -0.931986
59 -0.928997
259 -0.928778
79 -0.925720
935 -0.925199
253 -0.924968
186 -0.922864
query 8
481 -0.933457
363 -0.929365
277 -0.926854
437 -0.922709
740 -0.917234
508 -0.916600
288 -0.909389
659 -0.908591
647 -0.908111
377 -0.906112
query 9
466 -0.957712
663 -0.953211
553 -0.951217
378 -0.948414
347 -0.947759
549 -0.945875
283 -0.944827
145 -0.944581
214 -0.943589
790 -0.940620
