3,0,32,1024,64,0,0,0,0,10220,9120,0.521442,1.02919
3,0,36,1024,64,0,0,0,0,11750,12350,0.553717,1.0252
3,0,40,1024,64,0,0,0,0,13020,12930,0.583063,1.02191
3,0,44,1024,64,0,0,0,0,14110,16830,0.608451,1.01931
3,0,48,1024,64,0,0,0,0,15620,16580,0.630703,1.0172
3,0,52,1024,64,0,0,0,0,16990,22670,0.650297,1.01547
3,0,56,1024,64,0,0,0,0,18320,20830,0.668391,1.01397
3,0,60,1024,64,0,0,0,0,19630,28370,0.683639,1.01278
3,0,64,1024,64,0,0,0,0,20530,21980,0.698412,1.01169
5,0,32,1024,64,0,0,0,390,5560,9530,0.496976,1.01443
5,0,36,1024,64,0,0,0,410,6270,13060,0.526458,1.01268
5,0,40,1024,64,0,0,0,400,6960,14570,0.557758,1.01099
5,0,44,1024,64,0,0,0,410,7640,17920,0.580468,1.00986
5,0,48,1024,64,0,0,0,420,8330,18430,0.5997,1.00897
5,0,52,1024,64,0,0,0,410,8990,24360,0.621762,1.00801
5,0,56,1024,64,0,0,0,400,9680,24200,0.635418,1.00745
5,0,60,1024,64,0,0,0,390,10370,30160,0.650564,1.00686
5,0,64,1024,64,0,0,0,400,11060,24700,0.668061,1.00622