Time to read data files: 9 
Done parsing files. 
N_Query = 10 
N_Data = 990 
k is set to: 10
10
10
779
468
338
210
48
434
454
443
891
442
474
190
485
79
45
80
33
253
78
32
363
437
740
669
508
481
277
377
660
706
465
864
658
147
394
654
404
92
980
682
543
81
463
634
900
441
987
882
384
479
466
238
777
61
663
92
644
74
433
283
140
516
989
244
63
92
208
256
646
854
457
261
47
441
620
463
987
589
963
900
659
404
818
786
133
805
867
274
980
787
318
627
217
742
282
263
214
293
171
790
Starting to free 
Success. Program exiting. 
